16225
12460
41160
20595
34160
41595
36695
51395
07295
08525
35560
37395
49295
13595
55161
26725
46495
21995
29960
54195
64430
51130
25495
19460
20160
18060
24360
05460
62161
05725
43960
12195
59361
14125
18760
22260
11760
43260
14295
53061
33025
27595
13160
39060
26895
15260
32760
45795
24095
23660
07560
55861
24625
52795
03095
21125
63296
19725
01960
07125
39760
24795
21560
13860
36960
33195
61896
23925
54895
62330
57430
06595
10625
29260
56295
58130
04495
16925
10360
47460
01695
25325
50695
09395
02225
54461
28825
40195
40895
38795
45095
26195
17360
26460
64696
15525
14560
34860
39495
42995
32495
63996
17625
08260
53761
30925
33895
59796
30225
35995
53495
00995
27425
44395
28295
11060
45360
07995
06425
41860
18495
40460
22695
27860
60496
28125
42295
34595
57695
53930
17095
44660
10095
00125
60761
09925
31360
49995
11495
61461
07825
37660
31095
02660
05025
46060
05895
12725
22960
09660
49560
60930
61630
59530
00295
29525
38095
47195
19895
36260
35295
55595
60230
63730
53230
19195
38360
28995
08960
51660
54630
14995
50960
56730
08695
04325
48160
65131
31625
31795
00560
11325
27160
62596
21825
61196
26025
48595
15695
48860
63030
55330
12895
57261
20425
65396
13425
20860
15960
30660
52095
05195
14825
16660
28560
58395
51830
23395
25760
01260
09225
33460
43695
30395
04760
64261
64961
62861
03625
50260
58830
02395
23225
56995
56030
10795
63561
01525
56561
22525
59096
32325
29695
06860
57961
18325
06160
60061
12025
25060
03360
02925
52360
52530
21295
32060
47895
17795
42560
16395
46760
03795
19025
04060
00825
58661
16225
12460
41160
20595
34160
41595
36695
51395
07295
08525
35560
37395
49295
13595
55161
26725
46495
21995
29960
54195
64430
51130
25495
19460
20160
18060
24360
05460
62161
05725
43960
12195
59361
14125
18760
22260
11760
43260
14295
53061
33025
27595
13160
39060
26895
15260
32760
45795
24095
23660
07560
55861
24625
52795
03095
21125
63296
19725
01960
07125
39760
24795
21560
13860
36960
33195
61896
23925
54895
62330
57430
06595
10625
29260
56295
58130
04495
16925
10360
47460
01695
25325
50695
09395
02225
54461
28825
40195
40895
38795
45095
26195
17360
26460
64696
15525
14560
34860
39495
42995
32495
63996
17625
08260
53761
30925
33895
59796
30225
35995
53495
00995
27425
44395
28295
11060
45360
07995
06425
41860
18495
40460
22695
27860
60496
28125
42295
34595
57695
53930
17095
44660
10095
00125
60761
09925
31360
49995
11495
61461
07825
37660
31095
02660
05025
46060
05895
12725
22960
09660
49560
60930
61630
59530
00295
29525
38095
47195
19895
36260
35295
55595
60230
63730
53230
19195
38360
28995
08960
51660
54630
14995
50960
56730
08695
04325
48160
65131
31625
31795
00560
11325
27160
62596
21825
61196
26025
48595
15695
48860
63030
55330
12895
57261
20425
65396
13425
20860
15960
30660
52095
05195
14825
16660
28560
58395
51830
23395
25760
01260
09225
33460
43695
30395
04760
64261
64961
62861
03625
50260
58830
02395
23225
56995
56030
10795
63561
01525
56561
22525
59096
32325
29695
06860
57961
18325
06160
60061
12025
25060
03360
02925
52360
52530
21295
32060
47895
17795
42560
16395
46760
03795
19025
04060
00825
58661
16225
12460
41160
16511
30076
37511
32611
47311
03211
04441
31476
33311
45211
09511
51077
22641
42411
17911
25876
50111
60346
47046
21411
15376
16076
13976
20276
01376
58077
01641
39876
08111
55277
10041
14676
18176
07676
39176
10211
48977
28941
23511
09076
34976
22811
11176
28676
41711
20011
19576
03476
51777
20541
48711
64547
17041
59212
15641
63412
03041
35676
20711
17476
09776
32876
29111
57812
19841
50811
58246
53346
02511
06541
25176
52211
54046
00411
12841
06276
43376
63147
21241
46611
05311
63677
50377
24741
36111
36811
34711
41011
22111
13276
22376
60612
11441
10476
30776
35411
38911
28411
59912
13541
04176
49677
26841
29811
55712
26141
31911
49411
62447
23341
40311
24211
06976
41276
03911
02341
37776
14411
36376
18611
23776
56412
24041
38211
30511
53611
49846
13011
40576
06011
61577
56677
05841
27276
45911
07411
57377
03741
33576
27011
64112
00941
41976
01811
08641
18876
05576
45476
56846
57546
55446
61747
25441
34011
43111
15811
32176
31211
51511
56146
59646
49146
15111
34276
24911
04876
47576
50546
10911
46876
52646
04611
00241
44076
61047
27541
27711
62012
07241
23076
58512
17741
57112
21941
44511
11611
44776
58946
51246
08811
53177
16341
61312
09341
16776
11876
26576
48011
01111
10741
12576
24476
54311
47746
19311
21676
62712
05141
29376
39611
26311
00676
60177
60877
58777
65077
46176
54746
63847
19141
52911
51946
06711
59477
62977
52477
18441
55012
28241
25611
02776
53877
14241
02076
55977
07941
20976
64812
64377
48276
48446
17211
27976
43811
13711
38476
12311
42676
65247
14941
65512
62277
54577
12141
08376
37076
16511
30076
37511
32611
47311
03211
04441
31476
33311
45211
09511
51077
22641
42411
17911
25876
50111
60346
47046
21411
15376
16076
13976
20276
01376
58077
01641
39876
08111
55277
10041
14676
18176
07676
39176
10211
48977
28941
23511
09076
34976
22811
11176
28676
41711
20011
19576
03476
51777
20541
48711
64547
17041
59212
15641
63412
03041
35676
20711
17476
09776
32876
29111
57812
19841
50811
58246
53346
02511
06541
25176
52211
54046
00411
12841
06276
43376
63147
21241
46611
05311
63677
50377
24741
36111
36811
34711
41011
22111
13276
22376
60612
11441
10476
30776
35411
38911
28411
59912
13541
04176
49677
26841
29811
55712
26141
31911
49411
62447
23341
40311
24211
06976
41276
03911
02341
37776
14411
36376
18611
23776
56412
24041
38211
30511
53611
49846
13011
40576
06011
61577
56677
05841
27276
45911
07411
57377
03741
33576
27011
64112
00941
41976
01811
08641
18876
05576
45476
56846
57546
55446
61747
25441
34011
43111
15811
32176
31211
51511
56146
59646
49146
15111
34276
24911
04876
47576
50546
10911
46876
52646
04611
00241
44076
61047
27541
27711
62012
07241
23076
58512
17741
57112
21941
44511
11611
44776
58946
51246
08811
53177
16341
61312
09341
16776
11876
26576
48011
01111
10741
12576
24476
54311
47746
19311
21676
62712
05141
29376
39611
26311
00676
60177
60877
58777
65077
46176
54746
63847
19141
52911
51946
06711
59477
62977
52477
18441
55012
28241